180.2496264600653 547.360661282682 493.6379635561339 373.8605859643405 142.78415360921565 
48.112065724037194 178.57062273686785 216.9510307678523 221.92135573038016 346.93528093569427 
59.63263975559541 420.075589006141 439.703772178449 313.10915892968706 489.0866952213062 
32.745943819695626 192.98392817310065 304.9042390423721 559.785600999959 410.2877346049319 
49.44693812433627 21.742365745929032 365.56872671882803 530.6670365207517 202.65412873773377 
150.33837714847735 399.9762054676164 353.34560444252526 182.20135998967865 138.4173751937965 
364.37488847682505 428.75868406471335 365.08590311193484 179.60148419746295 406.5895111693227 
517.0090788594605 584.3754687391931 43.05974731119118 161.1330895394358 124.37141417317599 
281.27337399906327 131.51504520045017 112.13020148048507 416.200050239973 596.6733031173487 
101.20155688704054 350.0267920354764 514.8346077457211 548.2977084325969 127.36683032598557 
343.18043882381863 541.0968840570147 589.5132929817203 448.9118351469262 495.42471214842914 
507.97269906571876 595.9176617838175 375.76316794738585 410.7013559297257 525.0726767511587 
475.7906053357286 492.57073339426154 335.85417878072207 122.46543435539299 350.5039281028708 
542.3250044656837 402.6782606703209 52.47722550676879 400.9834688031687 23.48741307736631 
240.31827955240212 478.051603064515 26.317202915885712 284.22767491225034 479.10973775138535 
406.26279486205334 310.60301609864166 447.3617829818443 616.9567628417641 375.57677386417885 
144.13001659267997 49.58447820841317 469.3403477489081 355.45353263150713 494.9870512955933 
428.5898555604982 574.0506556347988 566.8845123149022 277.19228911122184 41.673945323356826 
71.7371872407705 482.4587452471139 411.4374781414047 49.412941447850045 333.3706463572938 
414.55162112120286 424.5407090368595 48.01089420762513 555.7100999271987 50.22989393751154 
283.70149223754794 583.9105614598628 495.86926398202434 441.46687994189375 511.65173555064155 
434.26122232839106 466.0757399056607 509.26129833407305 378.7965504958516 186.83714313408757 
259.71673271162854 270.2537630833698 118.43848727728266 403.00048598032663 29.765294875230257 
344.434605618434 61.17907763774109 197.3024079329217 290.68058717378716 52.536701452097326 
534.5912988657041 417.3161188505778 164.87604361400022 161.70710120738676 524.2568784440148 
157.2955519279892 344.8491509467185 288.05125086452176 442.2620302587681 89.25355358839597 
592.0665912673568 314.6435614618028 99.24540327665277 445.0531797325086 343.6985610202555 
333.59792084523406 526.0921510039484 233.1059736881777 348.2958673837303 370.7921178061597 
441.3676210034971 223.27093356712032 401.5037449942063 101.83979355349942 510.58458619389097 
383.54787897019474 402.905935871656 117.90366287209618 493.3977720170549 602.158982862061 
