208.22474059410283 380.26703759174654 206.8595602055085 172.3553313816153 140.64510798772127 
268.99539961744784 95.61962740228807 371.315135454751 414.530782951527 482.44263624433603 
114.59156636140948 187.2694764441506 28.33918958605113 466.05458616963466 399.545853395546 
481.09302919392167 334.58738773088066 14.443524471283045 443.7574942041409 489.102803072287 
206.72268791756449 276.03497027545546 61.64485052886969 275.1078791963606 448.45538876658634 
59.25867330023759 33.34711142981149 188.10487781355366 103.75680271928627 129.73685436238952 
150.9436691367928 77.5723473418623 450.72573040767764 312.9229407095451 12.018407973269854 
143.31709707058232 87.52640426671937 341.6438451877463 31.272147680759023 421.8257060018956 
143.6011324725055 12.998981677887313 265.8862608170546 36.07424846132456 274.3607345914481 
344.0690024810325 275.3406645780492 460.7494428804679 222.55586963875479 40.88755811960159 
361.38927004633075 179.83425320414264 354.5323442059864 220.129061509096 158.8960258864371 
238.5111083471527 204.57370624696358 447.9657383409079 173.23471027045767 316.3359516920331 
185.53398493909776 285.5468301468863 484.9554851192831 73.63610351376659 248.96393063819093 
155.55340697484738 467.4215638835776 148.08512224578794 402.9337457289395 469.28163751924984 
488.1188467622936 303.40782256191864 120.75550765228387 78.70776874525724 189.34180380228614 
357.1685281551271 298.8083084394527 242.9879795000835 68.95876152536228 139.5957209130481 
46.66938281435772 423.8460658519092 206.95960158012988 360.3961606458662 217.75423801831965 
349.3022902883292 108.48908294433556 385.5116333412063 213.66889723129523 410.1963562399091 
259.06885950499293 50.771517585635905 220.47751188745684 78.95773947797257 112.71138591553752 
264.39412968703544 160.08831692355506 165.07645333619692 358.62875002969713 275.290152621442 
264.961113477397 346.7273116670757 437.2396061848636 109.12110561333066 309.33950266932277 
43.00098627495224 401.1774003715561 299.0661855499721 155.21073833433695 316.1948221538463 
342.00278961557007 163.2503662583153 396.19669428397 118.61658433719673 228.32374090733597 
505.7870607680006 507.57865377804194 323.35427477638643 126.02598476237341 243.38842257875774 
35.65944286243705 103.46515952756101 396.3174465831062 84.4963489119263 484.66570093473786 
349.03712603715445 92.28924522424636 12.887414701252256 184.39364255576362 436.57537296989295 
399.69696761369033 452.7047593245071 46.801353463312594 290.1678466676234 92.66475295178083 
116.87012130347084 244.75069540937972 298.8821621871272 100.0158022086191 165.82915100724205 
471.10200806347143 279.84751613752275 402.93211093789336 428.5830662012572 61.36477573554599 
301.4744223976742 109.64674682897451 62.95982890575657 388.1072571713969 306.26555814208376 
